0.000000 535
0.004917 129
0.002577 934
0.021379 151
0.025397 340
0.014798 267
0.020174 384
0.000954 50
0.009127 191
0.039337 287
0.082072 815
0.040548 125
0.036213 526
0.040817 1277
0.000408 876
0.013139 101
0.009893 701
0.008693 371
0.014446 15
0.024755 149
0.012511 150
0.018518 66
0.024871 600
0.005315 48
0.052426 29
0.013011 1412
0.032985 236
0.002157 606
0.054779 804
0.015635 143
0.028604 17
0.002010 92
0.026485 355
0.019589 157
0.014170 232
0.011907 416
0.016487 40
0.001375 188
0.025191 174
0.008955 598
0.008346 1034
0.015523 73
0.003730 638
0.029496 64
0.021353 216
0.001805 305
0.007085 87
0.016443 45
0.018406 117
0.007612 53
0.014815 883
0.001002 47
0.038019 72
0.008920 483
0.009889 731
0.004544 679
0.016292 856
0.033572 741
0.011342 504
0.035469 56
0.045479 1192
0.014033 157
0.000965 38
0.006925 552
0.006300 574
0.023964 840
0.010937 811
0.037384 179
0.041526 133
0.036135 169
0.051966 29
0.058919 374
0.034722 821
0.005582 179
0.007614 19
0.008580 158
0.047490 1153
0.013154 19
0.053104 913
0.015469 114
0.011093 161
0.059213 1063
0.000336 914
0.001945 1195
0.000352 232
0.002611 64
0.109617 46
0.010324 986
0.036263 539
0.001776 114
0.021313 341
0.010111 456
0.007859 1328
0.012316 160
0.023816 4
0.010983 75
0.005778 267
0.066882 167
0.003571 44
0.002690 106
0.000392 170
0.002054 9
0.008147 402
0.036154 107
0.002402 28
0.008888 803
0.008989 848
0.007051 661
0.022493 842
0.051856 263
0.029936 247
0.013415 16
0.025486 348
0.006531 1254
0.015411 301
0.000750 458
0.021898 95
0.016701 407
0.021235 295
0.003798 836
0.007678 419
0.014567 684
0.007244 979
0.009155 393
0.017539 208
0.008234 259
0.020854 973
0.009938 268
0.006415 641
0.005813 920
0.001599 218
0.008531 782
0.012975 1402
0.026591 75
0.007422 1363
0.043996 585
0.010984 300
0.008359 715
0.005189 716
0.021854 957
0.000447 348
0.003656 636
0.033443 477
0.000767 48
0.005440 206
0.042950 217
0.018392 147
0.001118 50
0.003304 916
0.004312 346
0.024308 57
0.001830 77
0.013981 317
0.036343 745
0.002910 408
0.015380 94
0.014010 710
0.034204 218
0.006580 1136
0.009922 408
0.003745 185
0.034224 867
0.014217 1215
0.039648 587
0.022193 40
0.001875 273
0.003797 115
0.013808 629
0.018920 240
0.009614 778
0.037986 63
0.044325 250
0.020241 716
0.022516 1379
0.016618 39
0.010727 763
0.009160 156
0.013724 1065
0.002680 270
0.013195 904
0.011316 491
0.003665 535
0.028234 645
0.006272 258
0.000449 624
0.002008 1148
0.018403 110
0.004292 147
0.024977 1247
0.003459 188
0.059264 461
0.000355 198
0.031055 430
0.002836 1362
0.046177 552
0.024176 241
0.005055 1167
0.058377 239
0.015540 142
0.007726 469
0.042194 304
0.010883 365
0.010638 585
0.023587 67
0.014784 1021
0.010279 370
0.009254 297
0.029068 107
0.053202 1333
0.001509 1021
0.014676 857
0.003770 711
0.020598 74
0.021619 117
0.008750 461
0.026862 144
0.008896 103
0.023535 869
0.032751 282
0.044450 226
0.004297 189
0.032203 526
0.023359 480
0.029373 548
0.012223 1074
0.011826 987
0.019234 554
0.024079 175
0.027376 248
0.011087 48
0.007512 121
0.007168 670
0.009329 50
0.012030 97
0.009581 254
0.013178 526
0.020279 190
0.004405 223
0.037698 518
0.054989 217
0.033535 276
0.007096 325
0.135963 79
0.023540 772
0.008498 88
0.034141 619
0.009158 74
0.007433 668
0.002426 968
0.037042 395
0.003693 225
0.002666 953
0.017996 200
0.002806 347
0.005999 40
0.029173 43
0.011960 39
0.014035 341
0.001275 128
0.004032 299
0.008404 2
0.001316 648
0.002889 304
0.009130 158
0.005846 132
0.026105 290
0.014638 1031
0.004548 83
0.002707 235
0.017778 282
0.010260 252
0.012437 1099
0.011621 517
0.006408 378
0.004533 382
0.042809 411
0.013523 295
0.003967 550
0.009021 457
0.038795 509
0.029460 518
0.079488 191
0.011031 119
0.010865 464
0.015068 2
0.056559 49
0.008705 296
0.030390 872
0.008959 45
0.006023 443
0.017260 93
0.001602 30
0.002132 152
0.020592 358
0.030356 425
0.000961 439
0.002486 19
0.034035 449
0.004824 153
0.001993 781
0.005650 21
0.022104 524
0.011626 339
0.009215 953
0.014763 588
0.008739 50
0.031309 287
0.003443 1272
0.019115 929
0.008296 301
0.008038 297
0.056492 333
0.011433 815
0.079396 614
0.094080 45
0.010834 150
0.001629 39
0.035119 462
0.014364 131
0.009365 20
0.036841 707
0.002445 578
0.002130 167
0.014880 747
0.001171 1210
0.002913 272
0.006770 45
0.034040 728
0.035605 918
0.009082 999
0.041352 852
0.001049 1016
0.036559 1221
0.015454 249
0.001717 1321
0.009938 79
0.018527 403
0.016567 706
0.028242 52
0.011364 954
0.067210 483
0.004052 163
0.020694 1
0.066674 372
0.032241 237
0.006982 642
0.002283 251
0.021673 275
0.005141 126
0.007181 220
0.003217 669
0.004631 697
0.004068 959
0.011093 239
0.045811 1065
0.027660 1148
0.011140 191
0.003192 32
0.056178 44
0.015877 782
0.010165 1024
0.010492 427
0.004406 44
0.012512 311
0.006246 858
0.026666 262
0.012521 910
0.001313 608
0.031636 373
0.018211 679
0.007715 252
0.016317 756
0.007006 633
0.030785 158
0.027842 219
0.081783 96
0.003140 293
0.022711 232
0.013050 94
0.027900 784
0.051874 382
0.002260 283
0.013055 113
0.000968 175
0.021678 588
0.061819 703
0.105616 414
0.024794 198
0.003894 390
0.015789 19
0.032604 418
0.001600 359
0.049141 810
0.006767 283
0.048638 22
0.001755 1034
0.014899 160
0.005060 1411
0.010924 176
0.005842 46
0.046831 137
0.001042 1317
0.026002 823
0.004251 1355
0.005618 738
0.035400 37
0.005293 1345
0.000558 96
0.021233 211
0.015610 480
0.008575 649
0.010162 1175
0.050160 560
0.039790 239
0.043345 73
0.010820 896
0.008044 366
0.023266 33
0.005669 1211
0.064916 382
0.018314 894
0.015887 1054
0.023527 481
0.104613 248
0.041101 444
0.049473 142
0.004766 218
0.001864 82
0.055566 310
0.012688 996
0.003370 1273
0.017368 297
0.008663 205
0.012382 518
0.003878 316
0.002101 867
0.004481 566
0.019121 1340
0.004166 546
0.006161 39
0.003021 106
0.006667 261
0.013229 271
0.014039 314
0.007736 581
0.005494 294
0.039509 1116
0.032603 145
0.003325 177
0.033928 233
0.023223 1295
0.002336 1313
0.015240 753
0.032044 717
0.008018 31
0.030372 391
0.004710 37
0.039038 703
0.012289 253
0.001945 839
0.008357 266
0.003212 119
0.005209 602
0.010507 277
0.005389 147
0.025236 30
0.002490 1011
0.034408 588
0.016281 559
0.008647 1322
0.022457 80
0.009929 1302
0.004317 165
0.018822 577
0.019973 749
0.008872 98
0.001734 483
0.002517 226
0.015470 432
0.024593 860
0.028267 317
0.023781 1192
0.007068 422
0.013101 949
0.003000 1160
0.024605 973
0.117448 60
0.024994 122
0.008539 215
0.035476 341
0.000313 146
0.043282 86
0.031515 3
0.012409 232
0.015678 108
0.001990 195
0.017964 946
0.003484 1074
0.008389 649
0.020739 362
0.015639 256
0.006623 447
0.012845 66
0.025748 951
0.008097 467
0.028494 245
0.029956 605
0.013312 490
0.021870 272
0.046702 121
0.002896 7
0.012703 724
0.034276 589
0.016443 91
0.007840 138
0.019845 1131
0.016024 1307
0.010419 18
0.044053 80
0.036720 126
0.023472 534
0.015751 363
0.005603 17
0.000780 1396
0.078254 243
0.003236 60
0.063313 500
0.033561 872
0.004971 272
0.052209 445
0.017930 447
0.010416 103
0.011187 920
0.004322 228
0.053087 21
0.014658 550
0.020536 41
0.001675 1307
0.002100 76
0.033065 47
0.001454 1389
0.003958 18
0.014147 188
0.033156 718
0.009087 771
0.005684 458
0.006489 603
0.002672 722
0.012505 226
0.001464 271
0.007804 482
0.095330 2
0.020086 44
0.046196 765
0.004382 710
0.033689 181
0.019387 1413
0.007122 67
0.089024 69
0.034605 257
0.038190 44
0.007850 80
0.026137 346
0.037191 108
0.030020 1256
0.015876 86
0.012056 445
0.002781 54
0.019013 25
0.035253 963
0.027687 588
0.001810 268
0.019968 279
0.013496 559
0.013470 210
0.080354 248
0.009515 210
0.014986 63
0.026548 226
0.006409 441
0.004749 998
0.022520 631
0.008949 981
0.029063 686
0.038818 502
0.031001 549
0.004984 1176
0.086699 1112
0.005815 365
0.012973 805
0.029839 353
0.002123 97
0.029072 503
0.005914 426
0.047657 442
0.001135 73
0.008967 761
0.031234 737
0.015580 449
0.023939 307
0.002615 382
0.000530 244
0.008811 8
0.004525 542
0.013381 651
0.008824 173
0.002943 361
0.010790 1328
0.000938 649
0.011682 359
0.004194 379
0.001524 489
0.004864 1137
0.007231 840
0.010733 1341
0.003442 431
0.012879 135
0.042104 1030
0.004248 44
0.011762 710
0.028121 945
0.068935 1260
0.006264 279
0.031087 223
0.001179 137
0.006858 183
0.023625 252
0.037173 1386
0.005122 87
0.022328 554
0.003682 1125
0.002282 542
0.001398 10
0.011693 198
0.001968 1249
0.199755 1074
0.023664 540
0.026559 482
0.008076 424
0.007834 306
0.025352 479
0.023267 320
0.050279 437
0.008162 83
0.022377 8
0.028005 941
0.041132 1319
0.010820 168
0.049805 1123
0.005245 6
0.027210 151
0.038919 329
0.004646 511
0.009763 462
0.003265 669
0.065874 1064
0.005771 605
0.006313 108
0.003993 536
0.007569 1110
0.019471 36
0.021447 390
0.064162 44
0.011241 1208
0.054183 626
0.043543 648
0.045149 783
0.002821 56
0.007227 413
0.021011 335
0.004169 541
0.006665 347
0.006292 463
0.019297 335
0.003557 105
0.007375 870
0.100717 352
0.006204 319
0.000539 700
0.036009 453
0.008678 730
0.020644 173
0.012166 800
0.010143 909
0.005351 626
0.004990 358
0.018370 421
0.049442 1159
0.001442 448
0.007367 151
0.012889 534
0.000386 362
0.016280 190
0.010855 515
0.085247 166
0.016138 250
0.069910 124
0.018963 325
0.057950 494
0.005141 134
0.066099 355
0.022171 486
0.078705 508
0.010337 30
0.002662 787
0.006630 527
0.008891 199
0.001122 1390
0.017115 384
0.013994 474
0.026788 33
0.049033 708
0.005650 429
0.003029 125
0.013807 261
0.010230 349
0.034695 44
0.000514 940
0.021531 357
0.039053 890
0.004346 85
0.009823 469
0.011620 348
0.012281 3
0.056631 570
0.016664 654
0.000595 377
0.010087 187
0.001260 430
0.011335 397
0.044312 1202
0.061419 725
0.059900 780
0.014616 541
0.011925 271
0.009828 602
0.015649 881
0.003448 230
0.005341 645
0.060913 113
0.021414 422
0.038118 639
0.000515 161
0.058806 4
0.029523 315
0.014136 622
0.007263 354
0.009037 163
0.011573 1312
0.038861 1223
0.006840 168
0.014637 894
0.000670 765
0.026562 184
0.010535 668
0.012413 31
0.004319 213
0.025691 133
0.016132 642
0.004795 225
0.001906 734
0.083212 285
0.003871 258
0.020318 556
0.006312 393
0.013590 438
0.027511 17
0.008091 885
0.029886 32
0.001186 110
0.026074 412
0.004961 254
0.034481 291
0.003541 270
0.019273 265
0.023942 726
0.001867 660
0.002232 182
0.000877 788
0.044306 207
0.005498 285
0.036491 1111
0.010474 97
0.029972 117
0.004572 1028
0.008832 315
0.008360 508
0.046293 103
0.015580 33
0.015342 100
0.011052 155
0.042028 418
0.050848 978
0.030508 444
0.026598 652
0.005772 591
0.001291 60
0.064077 386
0.005886 759
0.022398 362
0.016656 18
0.010860 1378
0.019286 223
0.001463 97
0.009682 546
0.007466 937
0.037964 123
0.007915 844
0.003694 65
0.026384 1384
0.030897 407
0.043493 1107
0.001303 1055
0.008593 250
0.016608 9
0.034113 84
0.002223 158
0.000267 631
0.016122 73
0.034317 171
0.026516 85
0.027216 503
0.007829 37
0.008619 411
0.003712 50
0.011578 346
0.001061 205
0.033515 112
0.002831 94
0.014914 718
0.004930 247
0.036696 139
0.018229 1301
0.042321 94
0.000301 700
0.001875 792
0.036866 1038
0.008453 109
0.045336 659
0.023274 41
0.028774 62
0.001242 1077
0.009708 1034
0.000746 453
0.085136 463
0.005869 96
0.046557 65
0.009246 390
0.000432 166
0.020344 10
0.062010 767
0.028984 916
0.017146 57
0.069535 365
0.030202 609
0.015346 450
0.028169 477
0.009872 100
0.010117 305
0.024491 279
0.067059 436
0.015367 1163
0.002420 1371
0.008308 43
0.003322 2
0.001777 69
0.026889 1115
0.048199 215
0.060786 1220
0.030459 751
0.015309 223
0.006895 196
0.042454 621
0.012378 192
0.001220 95
0.022257 21
0.004323 132
0.044765 117
0.002379 177
0.005935 183
0.006556 245
0.009719 5
0.004322 202
0.007767 96
0.003874 63
0.044026 710
0.010064 96
0.118930 215
0.033992 340
0.017801 1255
0.018544 176
0.051686 722
0.012415 1017
0.045976 504
0.003402 98
0.037451 259
0.013852 159
0.009282 707
0.015458 684
0.039623 722
0.032263 786
0.012420 148
0.044841 314
0.015202 720
0.041351 84
0.017273 361
0.010237 429
0.003990 1177
0.009030 48
0.012014 342
0.005311 213
0.033598 780
0.015718 117
0.012283 53
0.041833 214
0.032942 654
0.001174 148
0.047103 346
0.020969 340
0.022042 416
0.017452 181
0.079828 881
0.031647 102
0.038492 93
0.005600 210
0.018843 378
0.018362 303
0.005035 105
0.018624 644
0.005606 369
0.083218 35
0.003132 24
0.006885 34
0.113505 132
0.013891 631
0.012221 52
0.054895 325
0.001421 759
0.018257 21
0.042789 1050
0.005098 378
0.007743 1072
0.044403 452
0.000332 382
0.004780 179
0.063786 129
0.008078 67
0.005455 550
0.004106 157
0.015607 646
0.047220 1
0.028507 1061
0.011911 1021
0.016854 16
0.027596 351
0.041090 836
0.055053 119
0.035061 1019
0.026643 1046
0.007247 261
0.002044 184
0.003238 327
0.009779 287
0.000928 466
0.020066 527
0.005337 443
0.018338 1235
0.009427 20
0.035792 306
0.000765 490
0.009766 103
0.016318 245
0.002280 275
0.004219 1099
0.004857 390
0.032317 224
0.029341 283
0.027618 94
0.009514 940
0.023439 668
0.010745 130
0.013832 3
0.052083 1269
0.000794 791
0.036962 64
0.008274 166
0.000849 1193
0.019617 99
0.003799 861
0.000281 367
0.006231 960
0.031612 19
0.028703 459
0.004031 63
0.009178 1277
0.001497 819
0.034836 514
0.029221 804
0.012939 948
0.013739 224
