0.000000 535
0.004895 129
0.001832 934
0.021897 151
0.025635 340
0.014774 267
0.020522 384
0.000919 50
0.008742 191
0.039083 287
0.082372 815
0.039832 125
0.036943 526
0.040836 1277
0.000293 876
0.013064 101
0.009833 701
0.008971 371
0.014136 15
0.025395 149
0.012042 150
0.018461 66
0.025007 600
0.004276 48
0.053297 29
0.012953 1412
0.039199 842
0.050910 2252
0.037599 1591
0.006693 17
0.002077 92
0.026439 355
0.019609 157
0.013403 232
0.013561 1864
0.015771 40
0.001180 188
0.025245 174
0.008862 598
0.007482 1034
0.016453 73
0.003917 638
0.029312 64
0.021125 216
0.000765 305
0.008347 87
0.016455 45
0.018399 117
0.007734 53
0.014450 883
0.000985 47
0.039013 72
0.008169 483
0.009570 731
0.004786 679
0.016374 856
0.033241 741
0.011691 504
0.035505 56
0.045482 1192
0.014166 157
0.000668 38
0.006998 552
0.005748 574
0.024511 840
0.010707 811
0.037662 179
0.041534 133
0.036309 169
0.051727 29
0.058985 374
0.034683 821
0.004765 179
0.008166 19
0.008955 158
0.047401 1153
0.013059 1467
0.053205 913
0.015485 114
0.011112 161
0.059153 1063
0.000374 914
0.001927 1195
0.002357 1680
0.000459 1512
0.109730 46
0.010349 986
0.036299 539
0.001745 114
0.020616 341
0.010840 456
0.007477 1328
0.012668 160
0.023805 4
0.011189 75
0.005633 267
0.067753 167
0.002829 44
0.002520 106
0.000400 170
0.002035 9
0.008160 402
0.036172 107
0.002297 1476
0.008675 803
0.009276 848
0.007311 661
0.022043 842
0.052018 263
0.029954 247
0.013437 16
0.025516 348
0.006569 1254
0.015141 301
0.001016 458
0.021794 95
0.017425 3303
0.041171 1550
0.005405 684
0.006781 979
0.009607 1841
0.017590 208
0.007857 259
0.021311 973
0.009774 268
0.006276 641
0.006001 920
0.001604 218
0.008766 782
0.012453 1402
0.026870 75
0.007502 1363
0.043928 585
0.011027 300
0.008091 715
0.005101 716
0.022339 957
0.000437 3244
0.003494 636
0.033432 477
0.000793 48
0.005379 206
0.042241 217
0.019160 147
0.001116 50
0.003015 916
0.004993 346
0.023898 57
0.001832 77
0.014011 317
0.036301 745
0.002849 408
0.015450 94
0.014001 710
0.034236 218
0.006554 1136
0.009933 408
0.003526 185
0.035549 867
0.012862 1215
0.039598 587
0.022468 40
0.001887 273
0.003565 115
0.014057 629
0.018638 240
0.010075 778
0.037584 1511
0.044683 250
0.020148 716
0.022009 1379
0.017038 39
0.010768 763
0.008335 156
0.014361 1065
0.002687 270
0.013007 904
0.011674 491
0.003604 535
0.028308 645
0.006319 258
0.000287 624
0.002135 1148
0.017835 3006
0.004885 147
0.024503 1247
0.002853 188
0.060292 461
0.000271 198
0.031084 430
0.002893 1362
0.046181 552
0.024739 241
0.003621 1167
0.059202 1687
0.015578 142
0.007543 469
0.042359 304
0.010980 365
0.010367 585
0.023785 67
0.014967 1021
0.009729 370
0.010626 297
0.028068 107
0.053165 1333
0.001521 1021
0.014800 857
0.003632 711
0.021007 74
0.020981 117
0.008299 1909
0.027130 144
0.009391 103
0.023533 869
0.032388 282
0.044184 226
0.004882 189
0.032202 526
0.023349 480
0.029009 548
0.012606 1074
0.011746 2435
0.019339 554
0.023725 175
0.027100 248
0.011687 48
0.007507 121
0.007226 670
0.008740 2946
0.012620 97
0.009720 254
0.012984 526
0.020474 190
0.004249 223
0.037656 1966
0.055776 217
0.032707 276
0.007299 325
0.135726 2975
0.023735 772
0.008419 88
0.034104 619
0.008235 74
0.008423 668
0.002333 968
0.037063 395
0.003754 225
0.002205 953
0.018413 200
0.002759 347
0.006074 40
0.029133 43
0.011921 39
0.014901 341
0.000405 128
0.004099 299
0.008519 2
0.001322 648
0.002554 304
0.009055 158
0.005223 132
0.026617 290
0.015052 1031
0.004658 83
0.002578 235
0.017779 282
0.010570 252
0.012095 1099
0.010932 1965
0.007096 378
0.003707 382
0.043623 411
0.014224 1743
0.003324 550
0.009219 457
0.038552 509
0.027976 518
0.080991 191
0.011074 119
0.010925 464
0.014685 2
0.056985 1497
0.008748 296
0.029900 872
0.009236 45
0.006065 443
0.016500 93
0.000972 30
0.002117 152
0.021963 358
0.030354 425
0.000981 439
0.002771 19
0.033683 449
0.004891 153
0.001962 781
0.005621 21
0.021937 524
0.011737 339
0.009309 953
0.014756 588
0.008662 50
0.030983 287
0.003060 1272
0.019540 929
0.008717 301
0.007856 297
0.056623 333
0.011472 815
0.079376 614
0.094061 45
0.010138 150
0.002387 39
0.035204 462
0.014312 131
0.009086 20
0.037051 707
0.002433 578
0.002115 167
0.014922 747
0.001069 1210
0.002834 272
0.006760 45
0.034667 728
0.035016 918
0.009243 999
0.041287 852
0.001118 2464
0.036544 1221
0.015416 249
0.001740 1321
0.009797 1527
0.018769 403
0.016468 706
0.028203 52
0.011353 954
0.067246 483
0.004060 163
0.020774 1
0.066586 372
0.032304 237
0.006914 642
0.002280 251
0.021549 1723
0.005322 126
0.007126 220
0.001982 669
0.005703 697
0.004226 959
0.010583 1687
0.046084 1065
0.027864 1148
0.010559 1639
0.002301 32
0.057693 44
0.015213 782
0.010695 1024
0.010619 427
0.004065 44
0.012868 311
0.006399 858
0.026532 262
0.012374 2358
0.001375 608
0.031678 373
0.018285 679
0.008401 252
0.015562 756
0.007015 633
0.030809 158
0.027258 219
0.082345 96
0.003150 293
0.023472 232
0.012094 94
0.027689 784
0.052251 382
0.002297 283
0.012920 113
0.000631 175
0.021542 588
0.062306 2151
0.105686 414
0.025343 198
0.003246 390
0.015116 1467
0.033128 418
0.001539 1807
0.049471 810
0.006795 283
0.047542 22
0.002809 1034
0.014858 160
0.005065 2859
0.010948 176
0.006020 46
0.046697 137
0.001043 1317
0.026040 823
0.004035 1355
0.005842 738
0.035064 37
0.006208 1345
0.000211 96
0.020932 211
0.015806 480
0.008403 649
0.010155 1175
0.050212 560
0.039848 239
0.043230 73
0.011093 896
0.007777 366
0.023289 33
0.005276 1211
0.065287 382
0.018341 894
0.015925 1054
0.023467 481
0.104347 248
0.041320 444
0.049521 142
0.004786 218
0.001856 82
0.056192 1758
0.012048 996
0.001467 1273
0.019096 297
0.008861 205
0.012353 518
0.003878 316
0.001619 867
0.005041 566
0.018984 1340
0.004260 546
0.005807 39
0.003595 106
0.006418 261
0.013232 271
0.013757 314
0.007947 2029
0.005625 294
0.039483 1116
0.032740 145
0.003167 177
0.033884 233
0.023242 1295
0.002321 1313
0.014735 753
0.032236 717
0.008566 31
0.030025 391
0.004870 37
0.039026 703
0.011603 253
0.002611 839
0.008243 266
0.003376 119
0.005092 2050
0.010890 277
0.005041 147
0.025195 1478
0.003681 1011
0.033286 588
0.016570 559
0.008421 1322
0.022579 80
0.009786 1302
0.004329 165
0.019370 577
0.017637 749
0.010219 1546
0.002061 483
0.002627 226
0.015787 432
0.024220 860
0.028177 317
0.023905 1192
0.006008 422
0.014289 949
0.002879 1160
0.024564 973
0.117426 60
0.025768 122
0.007637 215
0.034792 1789
0.000756 146
0.043683 86
0.031583 3
0.012364 232
0.015258 108
0.002661 195
0.017748 946
0.003499 1074
0.007874 649
0.021258 362
0.015705 256
0.006514 447
0.013096 2962
0.025473 951
0.007312 467
0.028844 245
0.030350 605
0.013317 490
0.021380 1720
0.047198 121
0.002560 7
0.013019 724
0.034330 589
0.016450 91
0.007603 138
0.019239 1131
0.016827 1307
0.010217 18
0.044273 80
0.036724 126
0.024885 534
0.014069 363
0.005895 17
0.001010 1396
0.077618 1691
0.002093 60
0.064715 500
0.033927 872
0.004783 272
0.052149 445
0.017885 447
0.010338 103
0.011331 920
0.004471 228
0.052957 21
0.015600 550
0.019886 41
0.001356 1307
0.002074 76
0.033095 47
0.001427 1389
0.004171 18
0.013304 3084
0.033433 718
0.009633 771
0.005577 1906
0.006563 603
0.002688 722
0.011769 226
0.000735 271
0.009107 482
0.095287 2
0.020162 44
0.046138 765
0.004433 710
0.033678 181
0.019298 2861
0.007199 67
0.089030 69
0.035385 257
0.037418 44
0.007852 80
0.025751 346
0.037410 108
0.029850 1256
0.015858 86
0.012119 445
0.003045 54
0.019043 25
0.034965 963
0.027930 588
0.001694 268
0.020356 279
0.012955 559
0.013740 210
0.080363 248
0.009548 210
0.013082 63
0.028445 226
0.006438 441
0.004867 998
0.022380 631
0.010014 981
0.027236 2134
0.039554 502
0.030991 549
0.005032 1176
0.086649 1112
0.005853 365
0.012962 805
0.030002 353
0.001968 97
0.028979 503
0.005986 426
0.047658 442
0.001167 73
0.009080 761
0.030653 737
0.016047 449
0.023896 307
0.002620 382
0.000547 244
0.008858 8
0.004449 542
0.013820 651
0.008507 173
0.002862 361
0.010783 1328
0.000961 649
0.011180 1807
0.005377 379
0.000827 489
0.004885 1137
0.007004 840
0.010325 2789
0.004132 431
0.013079 135
0.041020 1030
0.005059 44
0.011752 710
0.028027 945
0.068945 1260
0.006344 279
0.031088 223
0.001196 137
0.006547 183
0.024467 252
0.036620 1386
0.004823 87
0.022728 554
0.002940 1125
0.002922 542
0.001379 10
0.012191 198
0.001557 1249
0.199459 1074
0.023470 1988
0.026526 1930
0.008508 424
0.006776 306
0.026376 479
0.023192 320
0.050397 437
0.008250 83
0.022298 8
0.028016 941
0.041123 1319
0.010962 1616
0.049619 1123
0.005271 6
0.027241 151
0.038690 329
0.004389 511
0.010320 462
0.002235 669
0.066827 1064
0.005794 605
0.006260 108
0.004036 536
0.007328 1110
0.019388 36
0.021876 390
0.064084 44
0.011304 1208
0.053827 626
0.043868 648
0.044702 783
0.002327 56
0.008112 413
0.020679 335
0.004442 541
0.006707 347
0.006102 463
0.019518 335
0.003579 1553
0.007177 870
0.100751 1800
0.006421 1767
0.000775 700
0.035294 1901
0.009077 730
0.020396 173
0.012388 800
0.008710 909
0.006198 3522
0.039458 779
0.033943 1159
0.001438 448
0.007537 151
0.012715 534
0.000413 362
0.016219 190
0.011098 515
0.085212 166
0.015978 250
0.069966 124
0.019810 325
0.056973 1942
0.005089 134
0.066228 355
0.022170 486
0.077621 508
0.011411 30
0.002694 787
0.006620 527
0.008949 199
0.001722 1390
0.016625 384
0.013786 474
0.026797 33
0.048928 708
0.005781 429
0.002992 125
0.013690 261
0.010193 349
0.034848 44
0.000532 940
0.021537 357
0.038750 890
0.004620 85
0.009811 469
0.012185 348
0.011722 3
0.056560 2018
0.016757 654
0.000470 377
0.009833 187
0.000321 430
0.012986 397
0.044141 1202
0.061251 725
0.059783 2228
0.014745 541
0.011836 271
0.009924 602
0.014414 881
0.004600 1678
0.005416 645
0.060879 113
0.020831 422
0.038702 639
0.000259 161
0.059026 4
0.029521 315
0.013984 622
0.007770 354
0.008725 163
0.011767 1312
0.038657 1223
0.006433 168
0.015071 894
0.000794 765
0.026465 184
0.010641 668
0.011936 31
0.004580 213
0.025759 133
0.016485 642
0.004554 225
0.002352 734
0.082620 285
0.003920 258
0.020377 556
0.006208 393
0.014389 438
0.026947 17
0.007634 885
0.028914 32
0.001196 110
0.027245 412
0.004985 1702
0.034448 1739
0.003333 270
0.019576 265
0.023911 726
0.001851 660
0.002595 182
0.000702 788
0.044200 207
0.005492 285
0.036034 2559
0.010868 97
0.029662 117
0.005513 1028
0.008295 1763
0.008211 508
0.046314 103
0.015661 33
0.015274 100
0.011249 155
0.041838 418
0.050314 2426
0.030980 1892
0.026237 652
0.006123 2039
0.001384 60
0.064071 386
0.005902 759
0.023262 362
0.015776 18
0.010893 1378
0.019256 223
0.001499 97
0.009743 546
0.007377 937
0.037956 123
0.007681 844
0.003997 65
0.026310 1384
0.030765 3303
0.042494 1107
0.001993 1055
0.008410 250
0.017000 9
0.034291 84
0.000917 158
0.000946 631
0.016566 73
0.034486 1619
0.026602 85
0.026982 503
0.008019 37
0.009070 411
0.003368 50
0.010846 1794
0.001666 205
0.033217 112
0.002977 94
0.015299 718
0.003636 247
0.037734 139
0.018075 1301
0.042529 94
0.000296 700
0.001901 792
0.036889 1038
0.007971 109
0.048047 659
0.020912 41
0.028803 62
0.000462 1077
0.010499 1034
0.001054 453
0.084896 463
0.005856 96
0.046576 65
0.010290 390
0.001090 166
0.018637 10
0.062024 767
0.029049 916
0.017130 57
0.069489 365
0.030051 609
0.015462 450
0.028256 477
0.009800 100
0.010328 305
0.024324 279
0.066946 1884
0.015659 1163
0.001223 1371
0.008927 43
0.003403 2
0.001881 69
0.027079 1115
0.048978 215
0.059699 1220
0.030566 751
0.015311 223
0.006189 196
0.043349 621
0.011933 192
0.001475 95
0.022209 21
0.002480 132
0.046847 117
0.002361 177
0.005988 183
0.006292 245
0.009743 5
0.004505 202
0.007798 96
0.003867 63
0.043075 710
0.011002 96
0.118937 215
0.033672 340
0.018108 1255
0.018434 176
0.051512 722
0.013129 1017
0.045556 504
0.001928 98
0.038730 259
0.015153 159
0.008230 707
0.015534 684
0.039512 722
0.032190 786
0.011018 148
0.045937 314
0.015460 720
0.040344 84
0.018430 361
0.010199 429
0.003959 1177
0.009026 48
0.011860 342
0.005571 213
0.033407 780
0.015972 117
0.011773 53
0.042266 214
0.032742 654
0.001003 148
0.047343 1794
0.021058 340
0.021992 416
0.017439 181
0.079769 2329
0.032382 102
0.037714 93
0.005662 210
0.018171 378
0.019149 303
0.005026 105
0.018068 644
0.006022 369
0.083319 35
0.003247 24
0.006793 34
0.113439 1580
0.013988 631
0.012100 52
0.055017 325
0.001379 759
0.018165 1469
0.043015 1050
0.005003 378
0.007704 1072
0.044415 452
0.000324 382
0.004800 179
0.063788 129
0.007892 67
0.005599 550
0.003669 157
0.016059 646
0.047098 1
0.029596 1061
0.010444 1021
0.017041 16
0.027913 351
0.040558 2284
0.055580 119
0.035261 1019
0.025997 1046
0.007570 1709
0.002157 184
0.003256 327
0.009791 287
0.000934 466
0.020026 527
0.005548 443
0.018088 2683
0.009433 20
0.034425 1754
0.001300 490
0.010568 1551
0.016907 245
0.001764 275
0.003904 1099
0.005128 390
0.032175 224
0.028946 1731
0.028186 94
0.008596 940
0.024288 2116
0.010503 1578
0.014153 3
0.052312 1269
0.000815 791
0.036768 64
0.007644 166
0.000754 1193
0.018315 99
0.005970 861
0.000403 367
0.005911 960
0.031649 19
0.028665 459
0.004091 63
0.009926 1277
0.001563 819
0.033989 514
0.029075 804
0.013064 948
0.013766 224
