0.000000 535
0.004915 129
0.002589 934
0.021169 151
0.025581 340
0.014766 267
0.020441 384
0.001328 50
0.008607 191
0.039150 287
0.082139 815
0.039975 125
0.036765 526
0.040841 1277
0.000406 876
0.012987 101
0.010058 701
0.008706 371
0.014177 15
0.024533 149
0.012990 150
0.019381 66
0.024010 600
0.004628 48
0.052971 29
0.012776 1412
0.032974 236
0.002253 606
0.055380 804
0.015697 143
0.028503 17
0.001820 92
0.026402 355
0.019638 157
0.013328 232
0.013621 416
0.015564 40
0.001378 188
0.025183 174
0.008935 598
0.007770 1034
0.016158 73
0.003882 638
0.029303 64
0.021337 216
0.001105 305
0.007809 87
0.016469 45
0.018339 117
0.007637 53
0.015559 883
0.001528 47
0.036756 72
0.008891 483
0.009568 731
0.005049 679
0.015869 856
0.033503 741
0.011885 504
0.035275 56
0.045448 1192
0.014068 157
0.000908 38
0.006956 552
0.006150 574
0.024130 840
0.010747 811
0.037566 179
0.041527 133
0.036121 169
0.051964 29
0.058944 374
0.035059 821
0.004263 179
0.008286 19
0.008957 158
0.047406 1153
0.013137 19
0.053150 913
0.015459 114
0.011111 161
0.059420 1063
0.000932 914
0.001141 1195
0.000229 232
0.002591 64
0.109705 46
0.010334 986
0.036593 539
0.002254 114
0.020076 341
0.010575 456
0.007467 1328
0.012868 160
0.023629 4
0.010988 75
0.005767 267
0.066882 167
0.003622 44
0.002666 106
0.000464 170
0.001985 9
0.008147 402
0.036335 107
0.002349 28
0.008436 803
0.009853 848
0.007264 661
0.021526 842
0.052017 263
0.029966 247
0.013443 16
0.025452 348
0.006577 1254
0.015444 301
0.001181 458
0.021565 95
0.016559 407
0.021202 295
0.003918 836
0.007550 419
0.014617 684
0.007040 979
0.009283 393
0.018343 208
0.007532 259
0.020774 973
0.009965 268
0.006477 641
0.005727 920
0.001627 218
0.008543 782
0.012915 1402
0.026666 75
0.007794 1363
0.043627 585
0.010985 300
0.008166 715
0.005316 716
0.021901 957
0.000389 348
0.003938 636
0.033318 477
0.000748 48
0.005649 206
0.041904 217
0.019369 147
0.001058 50
0.003083 916
0.004457 346
0.024411 57
0.001945 77
0.013684 317
0.036301 745
0.002917 408
0.015611 94
0.013788 710
0.034216 218
0.006349 1136
0.010916 408
0.002933 185
0.034555 867
0.013704 1215
0.039558 587
0.022505 40
0.001890 273
0.003971 115
0.013638 629
0.018611 240
0.009912 778
0.037893 63
0.044699 250
0.019986 716
0.022044 1379
0.017426 39
0.010376 763
0.008327 156
0.014767 1065
0.002160 270
0.013097 904
0.011733 491
0.003971 535
0.028094 645
0.006432 258
0.001206 624
0.000959 1148
0.017878 110
0.004788 147
0.025296 1247
0.002053 188
0.060324 461
0.000448 198
0.030952 430
0.002827 1362
0.046191 552
0.024273 241
0.003995 1167
0.059387 239
0.015490 142
0.007666 469
0.042232 304
0.010939 365
0.010698 585
0.023509 67
0.014825 1021
0.010177 370
0.009313 297
0.029237 107
0.053031 1333
0.001510 1021
0.015797 857
0.002870 711
0.020795 74
0.021308 117
0.008063 461
0.026985 144
0.009381 103
0.023548 869
0.032346 282
0.044222 226
0.004871 189
0.032216 526
0.023049 480
0.029325 548
0.012587 1074
0.011792 987
0.019454 554
0.023563 175
0.026890 248
0.011859 48
0.007587 121
0.007138 670
0.009310 50
0.012231 97
0.009867 254
0.012684 526
0.020313 190
0.004382 223
0.037697 518
0.055014 217
0.033885 276
0.006679 325
0.136062 79
0.023919 772
0.008060 88
0.034161 619
0.008348 74
0.008218 668
0.002400 968
0.037081 395
0.004000 225
0.001936 953
0.018428 200
0.002752 347
0.006817 40
0.028369 43
0.011947 39
0.014076 341
0.001224 128
0.004131 299
0.008463 2
0.001312 648
0.002613 304
0.009342 158
0.006842 132
0.024957 290
0.014767 1031
0.004549 83
0.002836 235
0.018123 282
0.009823 252
0.012419 1099
0.011370 517
0.006625 378
0.003628 382
0.043685 411
0.013813 295
0.003732 550
0.009033 457
0.038776 509
0.027931 518
0.081024 191
0.011038 119
0.013239 464
0.012739 2
0.056961 49
0.008622 296
0.029733 872
0.009966 45
0.005608 443
0.016186 93
0.000932 30
0.002134 152
0.021991 358
0.030549 425
0.000818 439
0.002459 19
0.033903 449
0.004948 153
0.001953 781
0.005893 21
0.021722 524
0.011616 339
0.009393 953
0.014761 588
0.008852 50
0.030838 287
0.002946 1272
0.019607 929
0.008681 301
0.008768 297
0.055741 333
0.011424 815
0.079438 614
0.094083 45
0.010065 150
0.002393 39
0.035232 462
0.014228 131
0.009214 20
0.037003 707
0.002449 578
0.002111 167
0.014875 747
0.001067 1210
0.003006 272
0.006514 45
0.033883 728
0.035789 918
0.009312 999
0.041922 852
0.001199 1016
0.035869 1221
0.016210 249
0.000954 1321
0.009898 79
0.018562 403
0.016565 706
0.028189 52
0.011381 954
0.067256 483
0.004054 163
0.020662 1
0.066689 372
0.032240 237
0.006974 642
0.002312 251
0.021636 275
0.005179 126
0.007165 220
0.002364 669
0.005381 697
0.004176 959
0.011619 239
0.045050 1065
0.027877 1148
0.011076 191
0.001828 32
0.057631 44
0.015127 782
0.010742 1024
0.010661 427
0.004033 44
0.012863 311
0.006278 858
0.026659 262
0.012508 910
0.001265 608
0.031684 373
0.018266 679
0.007664 252
0.016321 756
0.006988 633
0.030819 158
0.027411 219
0.082200 96
0.003103 293
0.023538 232
0.012055 94
0.027881 784
0.052199 382
0.002403 283
0.012482 113
0.000780 175
0.021406 588
0.062997 703
0.105211 414
0.024638 198
0.003809 390
0.017212 19
0.031654 418
0.001502 359
0.049021 810
0.006787 283
0.047548 22
0.003070 1034
0.014640 160
0.005414 1411
0.010573 176
0.006314 46
0.046377 137
0.001083 1317
0.026612 823
0.003436 1355
0.005786 738
0.035591 37
0.004978 1345
0.000425 96
0.021457 211
0.016694 480
0.007956 649
0.009703 1175
0.050217 560
0.039966 239
0.043139 73
0.010926 896
0.007947 366
0.024473 33
0.004059 1211
0.065316 382
0.018291 894
0.015896 1054
0.023525 481
0.104700 248
0.040997 444
0.049508 142
0.005901 218
0.001310 82
0.054880 310
0.013950 996
0.001158 1273
0.018374 297
0.008710 205
0.012616 518
0.004742 316
0.001643 867
0.003751 566
0.019105 1340
0.004294 546
0.006037 39
0.003499 106
0.006256 261
0.013218 271
0.014024 314
0.007771 581
0.005501 294
0.039508 1116
0.032782 145
0.003170 177
0.033876 233
0.023263 1295
0.002335 1313
0.015110 753
0.032235 717
0.007974 31
0.030386 391
0.004678 37
0.039054 703
0.011529 253
0.003477 839
0.007365 266
0.003451 119
0.005383 602
0.010588 277
0.005073 147
0.025705 30
0.002055 1011
0.034620 588
0.016022 559
0.009127 1322
0.021993 80
0.010392 1302
0.003988 165
0.018278 577
0.018931 749
0.010061 98
0.001938 483
0.002487 226
0.016614 432
0.023745 860
0.027950 317
0.023893 1192
0.005871 422
0.014583 949
0.002776 1160
0.024558 973
0.117406 60
0.025133 122
0.008533 215
0.034615 341
0.003643 146
0.040720 86
0.031476 3
0.012459 232
0.015647 108
0.001979 195
0.017959 946
0.003553 1074
0.008242 649
0.020825 362
0.016685 256
0.005621 447
0.012315 66
0.026230 951
0.007352 467
0.028855 245
0.030355 605
0.013468 490
0.021331 272
0.047080 121
0.002548 7
0.013058 724
0.034300 589
0.016455 91
0.007933 138
0.018708 1131
0.017282 1307
0.009934 18
0.044349 80
0.036726 126
0.023192 534
0.016039 363
0.005544 17
0.001846 1396
0.076943 243
0.001914 60
0.064575 500
0.034234 872
0.004677 272
0.052142 445
0.017864 447
0.010186 103
0.011566 920
0.004239 228
0.052871 21
0.015686 550
0.019725 41
0.001677 1307
0.002247 76
0.032847 47
0.001499 1389
0.003966 18
0.014117 188
0.033191 718
0.008946 771
0.005803 458
0.006512 603
0.002624 722
0.012938 226
0.000797 271
0.008039 482
0.095302 2
0.020172 44
0.046156 765
0.004425 710
0.033693 181
0.019386 1413
0.007249 67
0.088906 69
0.034611 257
0.038472 44
0.007539 80
0.026150 346
0.037298 108
0.029912 1256
0.015535 86
0.012107 445
0.003473 54
0.018628 25
0.034949 963
0.027948 588
0.001663 268
0.020508 279
0.012791 559
0.013772 210
0.080363 248
0.009534 210
0.013234 63
0.028311 226
0.006838 441
0.004426 998
0.022728 631
0.008724 981
0.028212 686
0.039560 502
0.031043 549
0.005150 1176
0.086683 1112
0.005652 365
0.012980 805
0.029821 353
0.002117 97
0.028993 503
0.005968 426
0.047678 442
0.001150 73
0.008924 761
0.030847 737
0.016012 449
0.023911 307
0.002591 382
0.000552 244
0.008828 8
0.004521 542
0.013494 651
0.008790 173
0.002900 361
0.010766 1328
0.000933 649
0.011542 359
0.004284 379
0.001561 489
0.004888 1137
0.007121 840
0.010751 1341
0.003448 431
0.012953 135
0.041312 1030
0.005044 44
0.011746 710
0.028184 945
0.069103 1260
0.006022 279
0.031070 223
0.001264 137
0.006506 183
0.023706 252
0.037369 1386
0.004827 87
0.022943 554
0.002519 1125
0.003133 542
0.001395 10
0.011771 198
0.001903 1249
0.199534 1074
0.024870 540
0.025028 482
0.008624 424
0.006830 306
0.026359 479
0.023118 320
0.050433 437
0.008188 83
0.022548 8
0.027798 941
0.041127 1319
0.010788 168
0.049823 1123
0.005277 6
0.027207 151
0.038677 329
0.004455 511
0.010440 462
0.002078 669
0.066807 1064
0.005781 605
0.006287 108
0.003993 536
0.008442 1110
0.018319 36
0.021629 390
0.064298 44
0.011247 1208
0.053920 626
0.043719 648
0.044834 783
0.002331 56
0.008110 413
0.020690 335
0.004414 541
0.006744 347
0.005982 463
0.019625 335
0.003461 105
0.006992 870
0.101442 352
0.005932 319
0.001052 700
0.035165 453
0.009011 730
0.020401 173
0.012380 800
0.008799 909
0.006115 626
0.005231 358
0.018737 421
0.049704 1159
0.001281 448
0.007308 151
0.013207 534
0.001016 362
0.015268 190
0.011177 515
0.084894 166
0.016170 250
0.069933 124
0.019174 325
0.057729 494
0.004977 134
0.066243 355
0.022422 486
0.077369 508
0.011437 30
0.002607 787
0.007094 527
0.009183 199
0.000391 1390
0.017178 384
0.013980 474
0.026783 33
0.048942 708
0.005751 429
0.002928 125
0.014332 261
0.009723 349
0.034737 44
0.000459 940
0.022154 357
0.038259 890
0.004541 85
0.010642 469
0.010931 348
0.012223 3
0.056664 570
0.016604 654
0.000473 377
0.010211 187
0.000845 430
0.011741 397
0.044307 1202
0.061803 725
0.059544 780
0.014612 541
0.011809 271
0.009970 602
0.014403 881
0.004659 230
0.005335 645
0.061212 113
0.020336 422
0.039205 639
0.000738 161
0.058227 4
0.029516 315
0.013992 622
0.007017 354
0.009800 163
0.011251 1312
0.038828 1223
0.006831 168
0.014912 894
0.000459 765
0.026553 184
0.010553 668
0.012386 31
0.004292 213
0.025760 133
0.016067 642
0.005033 225
0.001702 734
0.083168 285
0.003891 258
0.020365 556
0.006028 393
0.013840 438
0.027572 17
0.008066 885
0.028640 32
0.001134 110
0.027260 412
0.005044 254
0.034564 291
0.004216 270
0.018519 265
0.024197 726
0.001586 660
0.002259 182
0.000886 788
0.044325 207
0.005498 285
0.036646 1111
0.010237 97
0.029704 117
0.004731 1028
0.009039 315
0.008285 508
0.046311 103
0.015442 33
0.015474 100
0.011095 155
0.041988 418
0.050369 978
0.030989 444
0.026155 652
0.006186 591
0.001326 60
0.064086 386
0.005880 759
0.022609 362
0.016695 18
0.010627 1378
0.019264 223
0.001863 97
0.009153 546
0.007749 937
0.037814 123
0.008468 844
0.003392 65
0.026124 1384
0.030841 407
0.042830 1107
0.001913 1055
0.008053 250
0.017158 9
0.034162 84
0.000952 158
0.000911 631
0.016560 73
0.035356 171
0.025782 85
0.026930 503
0.008001 37
0.009034 411
0.003582 50
0.010791 346
0.001552 205
0.033627 112
0.002822 94
0.014888 718
0.003629 247
0.037956 139
0.017848 1301
0.043098 94
0.000929 700
0.001005 792
0.036830 1038
0.007911 109
0.045767 659
0.023368 41
0.028696 62
0.000473 1077
0.010529 1034
0.000622 453
0.085205 463
0.005887 96
0.046554 65
0.009249 390
0.000388 166
0.020361 10
0.062023 767
0.029366 916
0.016596 57
0.069727 365
0.030205 609
0.015671 450
0.027871 477
0.010086 100
0.009857 305
0.024648 279
0.066868 436
0.016203 1163
0.000558 1371
0.009234 43
0.003894 2
0.001626 69
0.026608 1115
0.048256 215
0.060377 1220
0.030562 751
0.015406 223
0.006092 196
0.043754 621
0.011593 192
0.001459 95
0.022105 21
0.002382 132
0.047060 117
0.002359 177
0.005981 183
0.006494 245
0.009495 5
0.004619 202
0.007973 96
0.003623 63
0.043090 710
0.011019 96
0.118906 215
0.033881 340
0.017935 1255
0.018550 176
0.051857 722
0.012150 1017
0.046043 504
0.001926 98
0.038982 259
0.013967 159
0.009149 707
0.015462 684
0.039634 722
0.032407 786
0.010756 148
0.046279 314
0.015158 720
0.040346 84
0.018532 361
0.011129 429
0.003634 1177
0.008063 48
0.012081 342
0.005630 213
0.033170 780
0.016328 117
0.011587 53
0.042297 214
0.032581 654
0.001093 148
0.047848 346
0.021197 340
0.021388 416
0.017483 181
0.079803 881
0.031689 102
0.038339 93
0.005543 210
0.018281 378
0.019178 303
0.005051 105
0.018022 644
0.005875 369
0.083489 35
0.003196 24
0.006833 34
0.113912 132
0.013471 631
0.012243 52
0.054900 325
0.001394 759
0.018230 21
0.042784 1050
0.005136 378
0.007725 1072
0.044428 452
0.000386 382
0.004694 179
0.063817 129
0.007947 67
0.007314 550
0.001956 157
0.016012 646
0.047103 1
0.028802 1061
0.011222 1021
0.017050 16
0.027918 351
0.040916 836
0.055259 119
0.034911 1019
0.026310 1046
0.007596 261
0.002157 184
0.004410 327
0.008553 287
0.000977 466
0.020042 527
0.005404 443
0.018335 1235
0.009391 20
0.035083 306
0.001363 490
0.009908 103
0.016103 245
0.002491 275
0.003906 1099
0.004891 390
0.032385 224
0.028992 283
0.028108 94
0.008409 940
0.024561 668
0.010421 130
0.014396 3
0.052123 1269
0.000871 791
0.036627 64
0.007743 166
0.001716 1193
0.017276 99
0.005876 861
0.000301 367
0.006163 960
0.031590 19
0.028665 459
0.004097 63
0.009129 1277
0.001326 819
0.035025 514
0.029267 804
0.012815 948
0.013831 224
