0.006640 535
0.004904 129
0.001764 934
0.021886 151
0.025551 340
0.015084 267
0.019879 384
0.002884 50
0.007395 191
0.038892 287
0.082345 815
0.039696 125
0.037293 526
0.040619 1277
0.000491 876
0.012903 101
0.010249 701
0.008574 371
0.014124 15
0.024534 149
0.012846 150
0.018294 66
0.025453 600
0.004032 48
0.053255 29
0.012869 1412
0.032968 236
0.002304 606
0.054995 1448
0.000107 804
0.015481 1448
0.000089 143
0.028595 17
0.002002 92
0.026737 355
0.019352 157
0.014409 232
0.011601 1448
0.000070 416
0.016481 40
0.002045 188
0.024815 174
0.008880 598
0.007250 1034
0.016729 73
0.003385 638
0.029737 64
0.020790 216
0.000799 305
0.008407 87
0.016751 45
0.018456 117
0.007283 53
0.014551 883
0.000980 47
0.038295 72
0.008867 483
0.009629 731
0.004792 679
0.016100 856
0.033509 741
0.011930 504
0.036223 56
0.044430 1192
0.014046 157
0.000378 38
0.007685 552
0.005589 574
0.024481 840
0.011296 811
0.037059 179
0.041531 133
0.036115 169
0.051963 29
0.058921 374
0.034821 821
0.004422 179
0.008621 19
0.008777 158
0.047331 1153
0.013085 1448
0.000077 19
0.053131 913
0.015471 114
0.011310 161
0.058971 1063
0.000345 914
0.001958 1195
0.000132 1448
0.000193 232
0.002487 1448
0.000075 64
0.109643 46
0.010358 986
0.037297 539
0.000758 114
0.020660 341
0.010879 456
0.007354 1328
0.012966 160
0.023557 4
0.010997 75
0.005784 267
0.066832 167
0.003642 44
0.002719 106
0.001109 170
0.001288 9
0.008142 402
0.036143 107
0.002330 1448
0.000067 28
0.008967 803
0.009135 848
0.006846 661
0.022480 842
0.051813 263
0.029952 247
0.013474 16
0.025398 348
0.006639 1254
0.015016 301
0.001094 458
0.022133 95
0.016407 2896
0.000078 407
0.021175 295
0.003607 836
0.007852 419
0.015048 684
0.006397 979
0.009457 1448
0.000066 393
0.018171 208
0.007341 259
0.021154 973
0.009912 268
0.006240 641
0.005991 920
0.001645 218
0.008869 782
0.012319 1402
0.027085 75
0.007342 1363
0.043891 585
0.011047 300
0.008391 715
0.004729 716
0.023017 957
0.000306 2896
0.001496 348
0.001721 636
0.033472 477
0.000848 48
0.005060 206
0.042236 217
0.019439 147
0.001049 50
0.002785 916
0.004618 346
0.024512 57
0.001681 77
0.013904 317
0.036412 745
0.003800 408
0.014411 94
0.014344 710
0.037601 218
0.002626 1136
0.010454 408
0.003202 185
0.034570 867
0.014199 1215
0.039306 587
0.022445 40
0.001902 273
0.003558 115
0.014247 629
0.018418 240
0.009998 778
0.037932 1448
0.000262 63
0.044030 250
0.020439 716
0.022325 1379
0.016622 39
0.010694 763
0.008392 156
0.014366 1065
0.002438 270
0.013406 904
0.011668 491
0.003520 535
0.028527 645
0.005982 258
0.000361 624
0.002068 1148
0.017867 2896
0.000097 110
0.004939 147
0.025405 1247
0.001831 188
0.060243 461
0.000312 198
0.031254 430
0.002819 1362
0.046345 552
0.023676 241
0.004194 1167
0.059326 1448
0.000076 239
0.015572 142
0.007331 469
0.042573 304
0.010924 365
0.010403 585
0.023823 67
0.014809 1021
0.009901 370
0.009852 297
0.028825 107
0.053157 1333
0.001513 1021
0.015855 857
0.002684 711
0.020889 74
0.020937 117
0.008593 1448
0.000261 461
0.026921 144
0.010201 103
0.022733 869
0.032425 282
0.043968 226
0.004775 189
0.032635 526
0.022733 480
0.029495 548
0.012294 1074
0.011710 1448
0.000072 987
0.019490 554
0.024313 175
0.026121 248
0.012099 48
0.007313 121
0.007160 670
0.008766 2896
0.000070 50
0.012704 97
0.009396 254
0.013513 526
0.019981 190
0.004357 223
0.037578 1448
0.000084 518
0.055066 217
0.033470 276
0.007278 325
0.135714 2896
0.000085 79
0.023566 772
0.008736 88
0.034371 619
0.007601 74
0.008756 668
0.002168 968
0.037034 395
0.003725 225
0.002015 953
0.018865 200
0.003107 347
0.005469 40
0.029187 43
0.012026 39
0.013971 341
0.001211 128
0.004304 299
0.008218 2
0.001287 648
0.004221 304
0.007514 158
0.005033 132
0.026790 290
0.015071 1031
0.004520 83
0.002695 235
0.017775 282
0.010288 252
0.012451 1099
0.010927 1448
0.000076 517
0.007196 378
0.003431 382
0.043690 411
0.013464 1448
0.000068 295
0.003988 550
0.009015 457
0.038788 509
0.028176 518
0.080760 191
0.011073 119
0.010833 464
0.014797 2
0.056690 1448
0.000085 49
0.008784 296
0.030406 872
0.008845 45
0.006119 443
0.016506 93
0.000950 30
0.002087 152
0.022164 358
0.030221 425
0.000964 439
0.002547 19
0.033844 449
0.005012 153
0.001931 781
0.005435 21
0.022098 524
0.011576 339
0.009490 953
0.015671 588
0.007580 50
0.031179 287
0.002818 1272
0.019741 929
0.008737 301
0.007783 297
0.056672 333
0.011418 815
0.079397 614
0.094176 45
0.010004 150
0.002406 39
0.035367 462
0.014088 131
0.008969 20
0.037957 707
0.002382 578
0.002003 167
0.014367 747
0.001124 1210
0.003116 272
0.006373 45
0.033830 728
0.035818 918
0.009333 999
0.041317 852
0.001057 1448
0.000068 1016
0.037485 1221
0.014692 249
0.001658 1321
0.009614 1448
0.000074 79
0.018603 403
0.016582 706
0.028175 52
0.011756 954
0.066865 483
0.004059 163
0.020684 1
0.066707 372
0.032085 237
0.007334 642
0.002105 251
0.022597 1448
0.000110 275
0.004071 126
0.007289 220
0.001885 669
0.005687 697
0.004238 959
0.010561 1448
0.000105 239
0.045674 1065
0.028488 1148
0.010287 1448
0.000085 191
0.002187 32
0.057669 44
0.015160 782
0.010863 1024
0.010629 427
0.003937 44
0.012872 311
0.006267 858
0.026657 262
0.012879 1448
0.000287 910
0.002383 608
0.030052 373
0.018126 679
0.007657 252
0.016321 756
0.007252 633
0.030766 158
0.026933 219
0.082435 96
0.003159 293
0.023045 232
0.012508 94
0.027747 784
0.052230 382
0.002300 283
0.012702 113
0.000792 175
0.021891 588
0.061991 1448
0.000081 703
0.105627 414
0.024538 198
0.003932 390
0.015241 1448
0.000085 19
0.033020 418
0.001548 1448
0.000063 359
0.049414 810
0.006783 283
0.047547 22
0.002836 1034
0.015037 160
0.004847 1448
0.000099 1411
0.010830 176
0.005942 46
0.046971 137
0.001692 1317
0.025069 823
0.004406 1355
0.005623 738
0.035080 37
0.005417 1345
0.000532 96
0.021615 211
0.015417 480
0.008830 649
0.010149 1175
0.049941 560
0.039775 239
0.043573 73
0.010578 896
0.008081 366
0.024068 33
0.004517 1211
0.065229 382
0.018323 894
0.016198 1054
0.023220 481
0.104331 248
0.041510 444
0.049324 142
0.004833 218
0.001818 82
0.055449 1448
0.000088 310
0.012746 996
0.001414 1273
0.018989 297
0.009232 205
0.012316 518
0.003669 316
0.001584 867
0.005504 566
0.018542 1340
0.004446 546
0.005643 39
0.003235 106
0.006726 261
0.013242 271
0.013811 314
0.007912 1448
0.000066 581
0.005548 294
0.039911 1116
0.032190 145
0.003558 177
0.033862 233
0.023032 1295
0.002299 1313
0.014738 753
0.032213 717
0.008348 31
0.030132 391
0.004997 37
0.039039 703
0.011820 253
0.002417 839
0.007873 266
0.003671 119
0.006239 1448
0.000199 602
0.009272 277
0.005670 147
0.024915 1448
0.000089 30
0.002436 1011
0.034725 588
0.015974 559
0.008683 1322
0.022442 80
0.009965 1302
0.004278 165
0.018404 577
0.018899 749
0.009988 1448
0.000088 98
0.001899 483
0.002535 226
0.015561 432
0.024894 860
0.027639 317
0.024106 1192
0.005713 422
0.014485 949
0.003003 1160
0.024828 973
0.117161 60
0.024756 122
0.008965 215
0.034745 1448
0.000365 341
0.001219 146
0.043014 86
0.031094 3
0.012416 232
0.015322 108
0.002204 195
0.018118 946
0.003703 1074
0.007701 649
0.021130 362
0.015691 256
0.006850 447
0.012088 2896
0.000090 66
0.026185 951
0.007278 467
0.028895 245
0.030362 605
0.013303 490
0.021362 1448
0.000101 272
0.047131 121
0.002520 7
0.013061 724
0.034497 589
0.016537 91
0.007332 138
0.019011 1131
0.017092 1307
0.010201 18
0.044240 80
0.036953 126
0.023034 534
0.015703 363
0.006080 17
0.001909 1396
0.076493 1448
0.000087 243
0.002020 60
0.064561 500
0.033919 872
0.005187 272
0.051961 445
0.017876 447
0.010157 103
0.011769 920
0.004044 228
0.052849 21
0.014907 550
0.020518 41
0.001675 1307
0.002513 76
0.032903 47
0.001174 1389
0.003944 18
0.013534 2896
0.000078 188
0.033331 718
0.009297 771
0.005831 1448
0.000070 458
0.006406 603
0.003113 722
0.011537 226
0.000872 271
0.008960 482
0.095229 2
0.020317 44
0.046060 765
0.004417 710
0.033681 181
0.019310 1448
0.000090 1413
0.008045 67
0.088072 69
0.034812 257
0.038036 44
0.008047 80
0.025751 346
0.037039 108
0.030007 1256
0.015813 86
0.012359 445
0.002846 54
0.019017 25
0.036093 963
0.026799 588
0.003218 268
0.018577 279
0.013149 559
0.013810 210
0.080389 248
0.009528 210
0.013098 63
0.028457 226
0.006453 441
0.005099 998
0.022095 631
0.009166 981
0.028083 1448
0.000090 686
0.039512 502
0.031019 549
0.004955 1176
0.086682 1112
0.005875 365
0.012867 805
0.029860 353
0.002161 97
0.029423 503
0.005665 426
0.047543 442
0.001167 73
0.008917 761
0.030839 737
0.016248 449
0.023890 307
0.002584 382
0.001890 244
0.007287 8
0.004716 542
0.013069 651
0.009028 173
0.002863 361
0.010800 1328
0.000943 649
0.011099 1448
0.000103 359
0.004776 379
0.001463 489
0.004859 1137
0.007205 840
0.010075 1448
0.000088 1341
0.003906 431
0.012956 135
0.041311 1030
0.005050 44
0.011742 710
0.027894 945
0.069087 1260
0.006340 279
0.031353 223
0.001209 137
0.006264 183
0.023902 252
0.037189 1386
0.004805 87
0.022712 554
0.003769 1125
0.002454 542
0.001143 10
0.011646 198
0.001935 1249
0.199529 1074
0.023434 1448
0.000088 540
0.026327 1448
0.000080 482
0.008750 424
0.006802 306
0.026222 479
0.023363 320
0.050198 437
0.008178 83
0.022558 8
0.027999 941
0.040913 1319
0.010739 1448
0.000078 168
0.049831 1123
0.005226 6
0.027272 151
0.038838 329
0.005120 511
0.009372 462
0.002304 669
0.066803 1064
0.006273 605
0.005805 108
0.004513 536
0.006884 1110
0.019374 36
0.021529 390
0.064348 44
0.011300 1208
0.053863 626
0.044827 648
0.046903 783
0.000322 56
0.006940 413
0.020726 335
0.004426 541
0.006872 347
0.005844 463
0.019621 335
0.003674 1448
0.000361 105
0.006472 870
0.101265 1448
0.000175 352
0.005834 1448
0.000082 319
0.001223 700
0.035087 1448
0.000226 453
0.008641 730
0.020906 173
0.011934 800
0.008649 909
0.006493 2896
0.000263 626
0.004741 358
0.018684 421
0.049425 1159
0.001471 448
0.007381 151
0.012845 534
0.000282 362
0.016917 190
0.010552 515
0.084986 166
0.016167 250
0.069917 124
0.018961 325
0.057846 1448
0.000088 494
0.004997 134
0.066226 355
0.022201 486
0.077555 508
0.012236 30
0.001953 787
0.006623 527
0.008671 199
0.001684 1390
0.017038 384
0.013736 474
0.026760 33
0.048906 708
0.005760 429
0.002998 125
0.014415 261
0.009516 349
0.035175 44
0.001186 940
0.020587 357
0.038700 890
0.004628 85
0.009807 469
0.011255 348
0.012864 3
0.056517 1448
0.000181 570
0.016465 654
0.000823 377
0.009564 187
0.000354 430
0.012641 397
0.044120 1202
0.061432 725
0.059823 1448
0.000086 780
0.015403 541
0.010840 271
0.010358 602
0.014401 881
0.004403 1448
0.000064 230
0.005370 645
0.060856 113
0.020649 422
0.039123 639
0.001013 161
0.058076 4
0.029396 315
0.014278 622
0.006820 354
0.009481 163
0.011576 1312
0.039230 1223
0.006014 168
0.015085 894
0.000693 765
0.026555 184
0.010562 668
0.012020 31
0.004576 213
0.025801 133
0.016333 642
0.004771 225
0.001750 734
0.083133 285
0.003927 258
0.020510 556
0.005963 393
0.014076 438
0.027609 17
0.007392 885
0.029108 32
0.001102 110
0.027038 412
0.005360 1448
0.000202 254
0.034134 1448
0.000409 291
0.002759 270
0.020560 265
0.022951 726
0.001862 660
0.002276 182
0.000870 788
0.044675 207
0.005333 285
0.035823 1448
0.000095 1111
0.010783 97
0.029694 117
0.004697 1028
0.009119 1448
0.000210 315
0.008233 508
0.046095 103
0.015686 33
0.015216 100
0.011097 155
0.042197 418
0.050091 1448
0.000107 978
0.030875 1448
0.000123 444
0.026115 652
0.006115 1448
0.000086 591
0.001318 60
0.064061 386
0.005871 759
0.022712 362
0.016352 18
0.010872 1378
0.019319 223
0.001458 97
0.009504 546
0.007622 937
0.038050 123
0.007865 844
0.003680 65
0.026558 1384
0.030574 2896
0.000106 407
0.042359 1107
0.002016 1055
0.008380 250
0.017284 9
0.034224 84
0.001213 158
0.000911 631
0.016091 73
0.034481 1448
0.000086 171
0.026275 85
0.027254 503
0.007999 37
0.008709 411
0.003687 50
0.010948 1448
0.000090 346
0.001523 205
0.033215 112
0.002991 94
0.015134 718
0.003624 247
0.037996 139
0.018176 1301
0.042326 94
0.000259 700
0.001933 792
0.037251 1038
0.007653 109
0.045749 659
0.022996 41
0.029222 62
0.000971 1077
0.009674 1034
0.000738 453
0.085257 463
0.005907 96
0.047586 65
0.008228 390
0.000386 166
0.020572 10
0.061814 767
0.029198 916
0.016770 57
0.069692 365
0.030254 609
0.015328 450
0.028428 477
0.009562 100
0.010166 305
0.024403 279
0.067041 1448
0.000085 436
0.015389 1163
0.001378 1371
0.008952 43
0.003419 2
0.001872 69
0.027090 1115
0.048226 215
0.060405 1220
0.030586 751
0.015167 223
0.006284 196
0.043454 621
0.011899 192
0.001452 95
0.023697 21
0.001257 132
0.046600 117
0.002428 177
0.005903 183
0.006412 245
0.009879 5
0.004313 202
0.007739 96
0.003881 63
0.042943 710
0.011102 96
0.118950 215
0.033806 340
0.018019 1255
0.018279 176
0.051674 722
0.012688 1017
0.045977 504
0.001919 98
0.038726 259
0.014061 159
0.010345 707
0.014413 684
0.039599 722
0.032241 786
0.011228 148
0.045665 314
0.015529 720
0.040437 84
0.018272 361
0.011256 429
0.003380 1177
0.008324 48
0.012133 342
0.005359 213
0.035308 780
0.014102 117
0.012205 53
0.041994 214
0.032978 654
0.001653 148
0.046463 1448
0.000086 346
0.021191 340
0.021799 416
0.017521 181
0.079640 1448
0.000124 881
0.031806 102
0.038172 93
0.005547 210
0.018292 378
0.019305 303
0.004881 105
0.018039 644
0.005879 369
0.083464 35
0.003262 24
0.006779 34
0.113403 1448
0.000070 132
0.013948 631
0.011995 52
0.055461 325
0.001294 759
0.017911 1448
0.000115 21
0.042703 1050
0.005419 378
0.007561 1072
0.044343 452
0.000285 382
0.004839 179
0.063788 129
0.007889 67
0.005593 550
0.003682 157
0.016283 646
0.047845 1
0.027691 1061
0.011373 1021
0.017121 16
0.028029 351
0.040259 1448
0.000087 836
0.055600 119
0.035366 1019
0.026222 1046
0.007290 1448
0.000116 261
0.002019 184
0.003231 327
0.009951 287
0.001049 466
0.019776 527
0.005145 443
0.018452 1448
0.000089 1235
0.009427 20
0.034408 1448
0.000089 306
0.001167 490
0.010836 1448
0.000300 103
0.015849 245
0.002288 275
0.003875 1099
0.004899 390
0.032261 224
0.029038 1448
0.000089 283
0.028142 94
0.009150 940
0.024344 1448
0.000520 668
0.009247 1448
0.000080 130
0.014212 3
0.052062 1269
0.000799 791
0.037139 64
0.007552 166
0.000752 1193
0.018358 99
0.006904 861
0.001435 367
0.004338 960
0.031400 19
0.028945 459
0.003788 63
0.008559 1277
0.001641 819
0.035072 514
0.028988 804
0.013512 948
0.013637 224
