0
7
0
0
16
0
4
3
11
41
6
6
0
0
3
14
10
12
2
0
1
10
0
0
38
3
34
15
0
0
1
2
21
0
6
0
0
0
0
6
2
10
4
1
3
38
2
0
0
30
0
5
15
0
4
0
0
15
3
6
0
0
1
0
2
0
2
0
1
1
15
0
0
21
0
12
20
0
0
0
1
39
0
2
13
35
2
2
0
9
1
1
3
2
0
24
0
5
1
10
0
0
16
1
30
0
0
0
6
0
7
4
1
2
0
0
0
0
2
1
8
1
2
0
11
0
0
18
1
0
1
0
4
0
0
0
4
0
0
7
0
0
0
6
0
28
11
0
3
0
0
0
8
3
0
2
2
1
0
1
9
0
0
0
2
0
1
0
2
0
6
0
3
22
8
9
9
0
9
0
0
35
0
0
1
1
0
9
0
14
3
8
1
0
1
8
0
4
9
72
0
3
0
9
9
2
0
1
15
0
1
0
18
4
0
31
7
29
13
20
1
0
0
0
0
0
16
17
0
8
0
2
0
3
0
2
14
2
0
0
7
0
2
2
23
0
2
0
3
2
19
0
1
0
1
6
0
3
0
0
0
3
0
0
0
0
0
0
4
0
3
0
72
42
1
23
0
0
0
0
0
2
0
27
0
1
21
1
7
15
2
1
20
5
0
0
0
1
25
0
7
0
6
0
0
0
5
29
2
0
5
1
0
2
19
0
5
0
11
18
0
0
4
5
0
0
0
0
1
1
9
11
15
1
10
0
15
13
10
4
2
0
1
1
2
0
20
3
0
0
8
23
2
0
1
0
18
17
0
4
1
1
23
3
1
1
4
8
0
0
6
2
0
0
1
0
15
0
0
0
0
0
4
0
2
1
7
1
1
0
1
2
2
6
1
21
17
1
3
0
10
7
13
1
13
4
0
0
0
2
1
4
4
6
0
24
0
13
3
0
1
0
7
1
0
0
0
3
0
0
41
4
0
0
91
3
4
1
0
0
1
4
1
0
29
